7.904442661064715381e+00
6.719140243267553103e+00
6.369748447880600573e+00
6.187015369247141905e+00
6.075075292718640441e+00
5.997712068321290779e+00
5.938784999952500421e+00
5.889179049772993224e+00
5.844756509975296943e+00
5.807341663633824425e+00
5.772802877032066959e+00
5.743451147368459964e+00
5.715683546933260750e+00
5.691742288836434405e+00
5.670132316505284820e+00
5.648796386298397643e+00
5.631303948804366577e+00
5.611811718008078209e+00
5.595491388284141721e+00
5.580885579763364746e+00
5.564726712618321081e+00
5.551198571838295237e+00
5.536065634945535940e+00
5.525421506445598041e+00
5.511764673490498367e+00
5.500113355883553545e+00
5.490619091948201635e+00
5.478811589811130922e+00
5.470108532708538362e+00
5.459234562130341750e+00
5.448926452762824724e+00
5.439935006385992367e+00
5.431628664663015194e+00
5.425696601552411735e+00
5.418377057908323913e+00
5.408636429421501468e+00
5.401379104488151839e+00
5.391896283330996020e+00
5.383873402251356133e+00
5.377201671442709774e+00
5.369172636142446997e+00
5.361679550044792464e+00
5.357349843689889646e+00
5.351458382672186431e+00
5.341463152042105200e+00
5.333534215764237807e+00
5.327881070864759039e+00
5.322529562905471856e+00
5.318207391365828762e+00
5.311699248542470109e+00
5.307414720866305835e+00
5.300915799521874305e+00
5.294437376920842375e+00
5.288215335078803925e+00
5.284668649195310763e+00
5.279428885331166832e+00
5.274227725572822933e+00
5.268793271592826066e+00
5.262976727866600868e+00
5.260674702562904592e+00
5.254917935563184983e+00
5.251701444305336253e+00
5.251531045298930778e+00
5.239948507839654823e+00
5.236509467616225599e+00
5.230032315267347798e+00
5.227525977720570260e+00
5.222427343205644057e+00
5.220335127565157940e+00
5.214367778504847450e+00
5.211243228807265204e+00
5.206375535854623315e+00
5.203159793349336759e+00
5.198927464235584495e+00
5.196122667349403201e+00
5.191879625819603383e+00
5.187879134144007587e+00
5.186313987763459643e+00
5.181740213031611475e+00
5.179325047274923044e+00
