7.651772727651044548e+00
6.324019738136900770e+00
5.848529253452605658e+00
5.592078802670985560e+00
5.419240967301298006e+00
5.261248257534562711e+00
5.121366081815777349e+00
5.011519114176432588e+00
4.908421515104856248e+00
4.815288752563728458e+00
4.730116892780482196e+00
4.620533945803471099e+00
4.538123674629148674e+00
4.459206193603431956e+00
4.376731088338804199e+00
4.313401192016181440e+00
4.252505743799130933e+00
4.187965605869766073e+00
4.141178897589691488e+00
4.080790054699606095e+00
4.042335401225024327e+00
3.994603349486001598e+00
3.958212057749430191e+00
3.911698146956682720e+00
3.872248728413226981e+00
3.840761099308318549e+00
3.806553468888127956e+00
3.781749339799907350e+00
3.747778827493840836e+00
3.720529554304012443e+00
3.673028163673464075e+00
3.658329998494508128e+00
3.629833918300870543e+00
3.603617626116623729e+00
3.575347620593614995e+00
3.562811678106134750e+00
3.529918130764291284e+00
3.512268652929090518e+00
3.498820673992482977e+00
3.487456342733924242e+00
3.464852136028699459e+00
3.452350376066097404e+00
3.434498227332249076e+00
3.424926763723704415e+00
3.404070933003070731e+00
3.375965171609043303e+00
3.369031321575490789e+00
3.369812642904024269e+00
3.353542322626455352e+00
3.346919679116283408e+00
3.334886880617168092e+00
3.333137516147834045e+00
3.316560697949622494e+00
3.288690168995502372e+00
3.276957569700298833e+00
3.260538735665565735e+00
3.243440304249114448e+00
3.231898461491608643e+00
3.210824414718249642e+00
3.208300668017594948e+00
3.209060919843100823e+00
3.197889817319297112e+00
3.179114616278446270e+00
3.168808683547763572e+00
3.169102999132855203e+00
3.176484089580777770e+00
3.163233186916214912e+00
3.154804841874387922e+00
